010616253120 410504523033
222438440512 093937494341
262944042237 363010112947
525302031730 065942270105
410614164148 011946061602
021721464711 194007132247
192348520207 563821200305
174247193033 531738044737
404111152639 554356540860
481317223047 250418572138
010306184102 251558375938
091643511123 202743161904
244252303241 473250541856
485612172534 160227472353
391528303337 601233523551
040923415003 605849322034
152531372427 102006195113
283456133442 373656274223
485304243443 052512106024
511735394244 252830335111
131636525702 494606533336
091114281625 093856013146
325258031216 175251593937
232715345455 010814283343
583138394243 565055542443
274547495402 505357105822
041320271415 443313511720
263559050727 600622032454
334516192628 145658084303
340117212659 385007291514
111544464707 561928481745
202132390109 433314360544
283039032333 053349174239
505406212637 151357534017
490105304047 215716235404
273436385910 130351172925
111322270514 220607523860
193233133537 554210434554
444601020813 163745525612
221943475356 031246054708
020810172432 382635391247
383945511327 243619330711
313234062025 025825062617
344106334148 473818142944
490311273637 300737554453
102333405802 324601602423
034146502528 351703482556
304450061522 470534280250
293613243541 330743351355
501316222328 574421165806
052325263926 232442251747
424853552834 581559303846
394043203739 421303463816
434710193036 052109561836
410622232942 290214382352
030408214009 513559072002
152226340613 271716340759
245051091826 304927371244
274310212333 281334020854
341518264352 381421150320
010319314207 590818294244
101225420717 521306240831
232433101427 260941492540
365604141617 085450602312
230121223350 200105322534
030608153504 152612334813
121316362544 471427521712
465057041722 531303011259
243512152835 565834532545
440307323942 401723432758
022224253205 531645433327
091314190614 194843013444
273839303235 572545285126
434708152227 022434503837
390931434450 364937352421
041727334008 331823081753
123740451214 295440574921
293437062232 223246122531
334505071323 432502133117
361215203339 514037234828
011416334507 474110605423
101836541214 513653291815
183136232430 241604425715
515213172123 103404062540
331719203136 471530374506
192021334502 542106343622
041334450306 400428321105
283043192135 453729044318
374308273140 594234134455
440118202429 212640540952
162325404106 600410353902
181947560217 052351030124
273035101532 225331280236
444506213435 285155185208
420413152124 466006405045
172122233104 044258260740
132336460405 565311140535
383941262730 433314313513
355011161932 303324114660
430718283438 464830142951
172124293008 390137312918
123038560718 444237561920
263454041624 090157075449
313202060837 130138215204
502933355152 031331434649
030610171801 241638053935
121840433031 022452041651
343536051426 602934242159
485102061436 541344494801
510208101726 575818314352
112730435302 523204332522
173144470615 374334201242
344345050810 345426285507
294209111231 475418061237
453137383942 061424200438
162934404603 364232051351
111314450206 534227203325
374043032043 225737092556
495112143032 472101503638
381213223750 464516402703
052932525609 534144022955
143942471318 204339115317
354142091119 134216321426
222509294041 520534571541
450209144051 564725595341
102239485002 322806101140
172333360430 592151542950
414754010423 234303210918
505201212931 465410090132
401532445052 134238495329
263841454901 300917270444
042939401420 443550410907
284051051539 195706393405
454902062847 603225365204
480836395052 354021595322
081447505408 172545380159
262736411819 261516221949
254249243849 411437054027
515206112329 262713424103
312940464855 553146444107
021018273102 102242134158
030827290106 205919541508
394151052527 401806205053
313340424853 083244364555
550235363847 431541511631
052023364108 513425604232
091339430217 240638232816
354247050628 325559415835
394106122538 114548072820
471213192733 504412555254
091825365511 034316565220
152628501321 120515515829
293247162021 470231424530
364204072550 081024334548
541018293044 123244433530
192026303405 522342175549
112229300103 171304444121
304048021638 584351141704
394806141719 160950581135
290723263639 134252580254
020813304308 253730390641
091018200324 233351384821
324044030425 415627365308
475315162438 041914104428
430104111331 395619231035
071323435110 605759131222
133032350112 013848281133
294546142528 450235095031
343507081226 525137132101
421520363840 075155415846
010330353607 542704434046
103235531120 493614263510
212346073739 292849174250
424708263347 115222233659
520215254145 102013014250
111226285822 280401455303
233138410518 352239415938
303540151934 052719261533
355107151824 065305262723
270109162332 390629605123
394445475126 330155355127
354450520518 466005102803
394051071527 161107404402
344904404142 096021164134
451523334759 591722464355
050814225301 242651251423
020717240410 064458413648
131831101317 344243462717
205103040816 415338043115
250211364042 324042211005
283032384602 580541030123
404853542230 016026412854
404650072126 120411494319
334516182325 324243252833
440114283043 170344370932
032631495503 321709142407
222830470405 195229151205
091837182330 402301183508
455216273136 523757161050
401420242728 121544345119
151826374609 552205303520
244053561013 495344122445
161844030518 115544192947
264704192432 314151395829
361427383941 263254434640
092137415213 202656183451
141518260712 190703552453
151930022131 231557244725
434503252940 135232412126
530309152736 375820384832
030616323408 102040455033
093439452633 295715455906
373950122030 033009352332
334508101322 301206503531
451320252736 075828533746
141638394515 354259183014
222325510306 273203514945
212225162325 544042174712
334628323448 262349284236
530224384954 365355136014
182425324201 541358435027
202750521214 054830555219
163850143444 282422025806
485105273549 201618074421
530516215051 211604370258
070913172003 025059384901
064146492838 372627421148
394453101926 164045594313
315004101135 394511213313
410113143536 564441400853
042533394607 165927424436
111536371118 291941223759
243844021725 450324360732
435203172442 154554254241
490812141534 294155023122
063243465106 105250572560
141617240608 360745315657
114151060813 150941133742
142408113346 332144464706
531028363741 592825415738
173651555703 115740355631
101315212528 220704212856
313441121334 204723321611
404313203437 196050244733
450203202351 445127530860
102940444510 025732431637
171926271721 340330102346
283148081121 561634413532
344407163541 215554403649
520405072545 552541424307
041417254517 341523554930
192425422731 175404513226
353843010410 121156442437
265902081740 043056212201
430309192529 324455192016
091415313412 215234260232
323940481718 280501340419
404354102429 126054075550
364602081437 204333131558
390321303947 430460590633
141526404207 055420563016
142330360618 536048205811
394344193544 085026095343
464708101538 052531130133
500218314953 075053164134
040709121903 385448230246
091022270405 580145550846
093941103437 211047060533
384304050635 191852251749
400103171929 452735400509
142429434402 143154292624
314950550512 365809105624
222729010413 475210272317
273305151819 113947181326
300315323649 163019384837
071228395209 535939452257
141920513242 402638045652
434749032728 221018551531
475602141943 315904582347
450619263449 051630255820
182933434407 110547315338
141628360529 332436091423
303749030811 483428542542
495028343541 083614323007
440721263945 505641123237
072334414202 443756294735
032333400913 604703332513
162432022223 500918110617
343919334655 360630200725
570408202554 573007254026
101921243922 221605411817
384142480813 243453452313
141729020305 061235052807
162611131537 284541225725
382124263446 244407311250
062832384205 205142035246
172134432538 202841013336
454658030718 223424230560
434718253236 070502533349
410514324053 275741382824
013132454611 582649574809
152328401319 254012603041
233233151624 071330374717
414511172529 420711345941
540108153133 110527603853
050910223513 301957415647
151942470406 261713411644
112234060720 552504112939
425511121625 395025551104
501314253034 281429023132
132039555809 322224413038
193444511226 143050414723
344951052232 143853241637
334510181926 053240583734
360308162741 502143122822
222334363904 285156062443
151731330112 272048163035
323542060719 195340033120
485607102428 121623171948
310409192747 205347502227
010921344207 113132484904
111323251830 181129444756
333446141737 314954332640
465302043143 220830154725
490534364548 042303012153
111213323309 522340514421
131521400910 463829333248
113647062332 510523071421
394103101115 241140123510
400206181934 020423371451
062436455105 270135203713
152150510813 282342294434
333645010718 352753445204
253103161736 412651142423
410211143239 433357235907
081320283613 021854223026
253236450204 315214541604
235255243133 484609013604
475321272844 131612052750
550614454956 106042093312
141922234107 562322431605
121627330510 294954511634
182123032531 040607241241
464905223043 333612351014
520712363842 561158465122
022022254814 560746604112
234849580812 261052011248
192646111627 394033521930
315001031025 093832085428
480111313451 233043101557
011113141516 151659602441
182931520509 490747252044
464953030512 604630552319
132810143053 405238160741
560204052734 023722601423
112930394704 541905585621
111625270308 455332023035
273648161921 404232122117
284408101943 315420291319
550204101828 472429555323
050939465102 412845311659
273645470509 372033460756
152027041116 395429494719
394108151730 594429055157
411130394248 521934375823
020428323922 060451072115
272939462031 524927331210
354757030809 135038324429
264714162231 214201603514
350618243941 514204540140
061113264408 233339046018
142529480214 241746571639
363752010323 313324100501
283309121735 540226054416
410425344951 510942055801
101416184010 251310433548
434546552638 461903451227
415051141619 554548410538
404720212538 415524593340
391225313440 472213303157
060914354101 095646281055
152027370635 543853313734
375055153740 482253565014
424910202639 285047244052
430109202542 221224180516
081232415110 395443361735
172049591523 292848474322
354855051116 524853582336
354405173146 461454184305
471319212627 072234123853
011218254007 071535164004
092842450614 494739311523
182232121819 125036063540
394206203544 154942054535
460911262937 115831141020
081013215604 471806453442
082023291013 322402050146
141755101418 280716373622
223806162127 595516274711
581013193139 295913105428
151623285115 501844531143
162330360622 274358051656
343738030712 463107166027
132820445155 243858014028
570217374551 576034242947
070841505303 473248123802
232740410508 490218512257
164146102430 494433285614
454913174245 264925183134
530320253435 315536240838
061213145104 105612314538
161831390124 450514215912
323851050612 355329330204
354011162833 352658524516
520616384053 384404012742
052542444907 130123565433
182225280311 250712214234
123239293335 450832491552
495305222436 414252531609
500416253638 431259305729
010317242506 384535370551
282947550105 601256375543
121831192841 082233403253
545714182530 293627185946
381120263439 061610344742
060734353706 073254503037
121541431113 511343240314
172531081617 600832284630
213721233236 553217362643
380427303946 502110253808
121319245204 582640374752
123047480820 501713270439
282932212638 361728165430
435311335055 241704543010
560415192128 371117314310
050810121528 010657294807
363846532030 541059443007
324042061019 384814031105
385608151634 421320294357
411018374752 462330470503
091727415123 021558105921
293234380411 153123065937
162840101721 113617265248
334029374048 485257240333
560206213741 315007533220
013546495507 112008471217
252651570315 245515332542
244752030734 050352450951
355215163639 345624014908
510133353655 595113010950
142433495206 231831175328
123154560522 541151163630
253049164144 585208342023
515205171921 041742564624
310213404652 501517021459
202831395507 174022273303
081821402530 481524271732
313336061419 435313323424
314402063135 431708154939
431524375056 195530233749
080913163403 301720291560
353639430509 274817192622
171849030822 071802450353
354522272930 063345382450
341117214351 463101572251
071026415502 281645293011
202339582631 382108221860
323436051025 230625395105
294114172033 294742211326
360817243347 515823110837
031114162611 515931053632
212535431930 120338295104
464755103337 510758492341
434708212831 340312503240
460205061425 190643520822
031921384809 384320551758
182636490914 473408061838
213149051844 300831032125
555704323637 205458264146
542830313741 363833144941
102730314403 420624442213
283243480410 135612335354
164154031011 162335184459
465221242728 531938181749
330104242832 382852301957
061430353601 504219083014
141939561129 252248525408
304452060710 303935431557
455205081129 283617533359
441324384448 051129542358
161739434405 224315550901
172329332427 570215065618
333639283334 542003184224
354038414549 283249531820
500816293032 361560082949
040656575808 412019295910
203236370810 094132135820
162044243241 492802065750
515809293445 590111054404
460923252734 352154293836
041820273112 342756281639
195154582021 500733212413
394243293037 102148274907
434708173438 391911085030
390824383949 472052034628
050835515401 313734153804
101322330109 445805273303
131722010910 465605154510
274904102326 325534352833
322528415056 304558010441
222527395501 083634370304
033043460405 084058045331
063250091920 461027193339
455201080917 155240365142
231112163136 391657154548
262733505713 240534133533
152341470727 513208283807
325357142029 440805151810
363802052136 093615194222
470110131521 323417350912
021640415105 283238251545
233651520824 495215251406
394851041332 455840392844
334607222728 472934481941
430733404147 263224490810
212431324813 035921365531
152040531222 171450520626
343536021324 342837120831
374603040834 564513333801
360723353942 322125010649
050611223103 030135071850
091013200607 130412530952
222327111741 271813592153
455006082437 485723083103
400612181927 491447560628
014249515310 142225153723
192024280732 370319343907
444650040924 454356255203
293422242941 165055064719
530110192142 220430442849
050612151911 585727134952
304344461120 490419283506
294250072631 355437424946
323602122432 113356471734
420310122129 433557294017
060809374608 460454171305
192428350104 045913532830
121318021319 514914475958
445005091622 135158224608
370420222347 175616383945
020941425106 564857211246
071038472224 225452474909
273637133138 434658535404
394711243236 472931156042
451519244041 490523334531
214144454901 084530331710
164044460408 184938230812
132432011420 595707583114
293132353638 532536131706
471014253637 321811300258
121417404603 394936205501
173142500109 373523165755
263144051219 340823445105
425336454652 381332201049
532432374347 313735074534
091120275403 170620181337
222527360108 575811384131
253946030810 254117291322
192915183149 321514090357
581518192449 353236335115
151720243614 143112135150
153233520912 330320600916
283040304650 592917064022
515706081428 322302104417
422441424552 182921483505
043239404601 184352390708
102022500809 314728230824
162227232737 480358185623
404224283542 153439170409
560209122431 381618281547
040915242801 302552143917
174344550304 134029594551
071335071329 550641204307
344805152031 305323073208
460610444555 243912335736
173445485802 453813115439
293244460105 300236186029
162426010341 451346555311
445608092436 130733590608
510215233350 255105180428
161833495107 580318503401
384041530826 551459471342
293342031724 272901592549
264401161941 105355291347
440405142637 540243015025
162233343504 436028115414
092527291416 424027225629
304654010913 051653385034
193503071419 064551092304
421521223644 183954343116
081624273002 371929301022
455256570611 386013075546
122731050719 040811291244
484902103034 414951251546
403134445455 445253044924
042123254015 410623553235
172232490915 065911271941
274454111315 300637192413
214506111819 150259600658
471022334958 254930434745
172226395827 222133164849
293043450104 553315505318
464748020712 545513440619
181904131625 603112485716
530710151722 273108105105
141617334405 241626541202
172123511417 250549363303
233245031240 601003082413
475020222730 161246140819
340416212729 220129133203
021325354012 293150265749
141720300727 592719295038
283340091135 422355300949
385404091932 392334520843
530237384955 591232422440
011448535403 490822180739
040925390428 191345585601
424354092046 081622565830
515911121833 404739165115
340107104750 165320601245
050711153509 012847204432
151920301522 025448511928
283543053746 274605501122
485202182944 134124421056
530116313752 494237082026
122232475420 303234502826
224451531822 525843481118
263538062127 421050411136
293610151634 513935604513
381011161929 124259461960
020510233009 171333090134
263343480304 511756364440
162234072728 144524374042
374606071227 572931273414
311033374253 524824535403
071518283016 134760324910
253742451012 561911141254
353952041328 054823424529
555717242637 095441483324
470911213337 535925291024
061636375010 394528264860
182033460412 241857561020
182328202744 312419340905
525417202842 101156404106
510102102729 263901374348
020813294608 593746363551
202125322628 205958336016
364344151725 412036031106
445110121640 142940345152
430408323440 530538544611
070910113602 424027045536
061218422127 046056251823
293543254446 014930552751
515601252838 120155593836
420410232649 084707482518
021429435116 072616294555
172125501826 052316044901
334455111541 493356021401
505602051634 074124404927
561521273839 425958374822
020319283720 271639510938
304044450816 433453382824
282930051924 064037112034
324502052436 223218294238
510228373857 504230254324
082123272801 493215094142
061521251214 251048083255
163038050817 444631144042
333920233033 372154035825
361214182238 440226050322
032229333803 592153255838
193244560222 603747360427
364450132436 434012110235
374305151830 503733401917
421112334849 332705561243
111217273006 330504541526
082029420825 594801074114
334349173235 473052112135
363702082933 066007314951
410223283135 154108471253
011021324807 551658083750
173345560204 331860115857
051350031744 145041173113
495301031219 151929533741
250615394850 134021520611
080922293604 371634575309
193844571926 533532312851
314154022126 220827435512
283612173141 531750235448
470508162251 020324403114
081925272801 130131236048
233437412130 015618584557
343750010204 302402451127
304917192530 022750341804
330518344042 031511132643
171924254307 221017070260
202733471422 510801431036
425556010619 451339470907
273016243236 292244090604
480315243035 462505493934
061418293705 100541594033
243639482227 350753580843
374253031022 460126161254
293701054445 175339080735
530416171943 543612043324
082032444604 290207501632
153032570211 283541170623
192028101633 073521395833
455206162334 394737533203
420314313235 125644513154
050913202120 140323553625
233241481319 603657184409
313438242733 160652013650
374502173642 345155174827
510212244748 490903353741
031231404313 404701050737
171824440516 144212045930
263548123436 444213082432
445302233334 335618574305
361138404650 451502541650
030609405203 350615232816
061013150110 491953501706
154549112527 122631434602
444708163648 444527294354
560311263153 404215523809
021628343806 012138415649
093341421315 331224381132
323643182128 153014422654
353704091138 064556493510
421227282937 294712501628
081721294309 263927245936
152436471127 341707410250
283537030715 542032602523
465203163539 264612233904
411315243642 215737164302
042529314403 491210572501
353637431114 212356120302
202530171826 010719513502
293405092032 244704574850
510811333541 581754104233
060820334903 042538502007
132631451131 250429422423
424359131425 593543220702
263701040607 044234500313
152937384245 593047120449
020921385204 375041053827
192938430917 173212185830
224347152742 475901233643
475711132930 593930314845
330608091635 121760444645
172331465317 562917132740
253744450311 390921123754
252628254446 404701480926
525409182223 070355475345
440916233334 033750163010
183839415509 015019422458
131922371936 225032385415
485457101115 333759300408
285515173246 202150291216
521322282941 043425354812
071017192201 294634472114
313847501128 385152601035
304852031819 030551293414
224405071314 370554584610
240817182030 271246474250
050714454802 573560410315
183353570317 145023022856
242930192734 452036373151
485409233645 365452252926
471113232542 105028515907
101314415211 105408395613
132831350117 112359423502
243843052024 432148080432
505627294143 425608372753
482327313339 350537084817
203545525502 273126111041
060911400708 373120603454
203537041115 315717192944
164302082432 603931380650
383035374250 220219284306
041724252710 423519091458
273839510712 435609452934
142034094549 035133151657
515404222429 564755384203
380617344749 143621292648
011927293401 192443343905
020325380424 584852471206
282948041819 320904522903
344018202125 293519574255
260225373948 010756113738
041737404102 202211194842
101927320811 142460061848
213538283536 105728030521
455503122833 135937560347
480203141537 300248604336
010224313303 604147263518
092335490210 082702325649
173545011319 152131460257
234001050927 252311053015
330203284351 043301480537
112538455412 325728411047
141542430113 573954113813
232429010535 231556460945
394501052329 110246500841
450305081319 575009393719
030607105011 214740523020
153249521112 344329301052
222351273137 444122080925
515219232429 510558462519
491628293038 174532211046
061528455001 042938363342
031424380608 041741102752
313445050713 152659015451
193207101135 334806072009
491317192531 282140104147
061115253806 450608075327
091027380216 245630514218
203440294043 235053422838
445708373947 325014471056
490910212736 535102411349
141526272812 035048423233
164042440414 174915333923
202831063037 535857164613
505806212433 441017165134
361734353739 583157493318
032529425616 282238175259
182936470715 160524340660
303235061720 093047382344
325227293137 111808073743
490306122638 432935593117
081224404309 365132223807
134143461625 514460090730
313547111323 344801164536
364901171937 542444573416
390129414449 404819201452
020410194303 475402500344
202427451419 421444271548
224651091135 563417324727
394522323448 083909584449
521320233551 602259254407
031125343901 163235581903
103037550924 143806234434
353852102526 513059463856
354205062035 170324274425
482326304750 420324534331
081034384410 114041471542
213132492329 175949020350
364554010509 313754230418
172204081655 464712573409
590222273439 220817424402
081832334303 424060594739
091438420222 193512021108
273845031423 325350571524
465601020820 311133425708
282225424452 272341512653
131522255113 364827400546
162023430612 542628194410
323643101823 575121222540
363904143338 294250514927
540509283157 520843344021
060710354012 170558014710
263031440931 185558433105
344649152428 575904341930
314505101318 592052424410
220610343951 531836582420
060810182902 041241456008
051935400724 131520312836
313444050809 371243381154
122702303248 291046354228
490116192040 513049253746
051825363903 432404511856
273241532125 424544604117
264350062729 213760325253
415204083355 221102143912
581314303642 130431334751
031929313702 505537335917
040516262644 441232210134
495152010815 502440545260
314106192841 345420396024
520616203142 092122071754
070928424811 152219353416
194245591521 014952421944
263153073437 565351261803
404305111516 372444282041
330820283139 025541435758
174249555602 311141352205
060821450308 215746220743
232641061516 040803544530
324303051331 581854365320
401923405053 042159183834
111825394107 323416135633
101336491213 525523505818
365254043134 170532552041
404122244953 324459534851
540924344041 041557550216
051131374704 353929240714
102436430316 094153373651
213947061113 190109255052
202608112932 421726382822
340714252629 532936031527
030809395101 494601290628
162937390411 262154041929
213447151827 301459364638
525610122941 335109234512
530126414244 202849261748
131617293019 333705382836
212427341116 235925474630
232429011420 384408041252
424514313439 432541603103
431416253139 175755245205
013348545801 354101570948
162538440311 414945191312
122838112933 533902505715
424302171935 512760212002
410304202930 523746082236
022329383901 404134332159
043235493235 362631231933
384045132130 321049600433
345419252728 164935395727
410308283443 462055372849
010517333403 173407363919
091540521025 022142533617
313752060930 253945510814
365518283040 254844032101
500916274350 074518132931
031420213302 053314294422
244149534243 224102302152
464749050708 351527575059
425031323447 062319503749
550311162228 253351310537
253537475406 111510276053
162432401315 055218085942
222940010324 474158032312
384303192328 165843375259
361728354751 440859540427
050814213104 590147055212
111325361718 331103581405
253033092232 224441465254
335206121316 440151524123
460204083134 485949414223
041215323704 492439345514
173233442838 541127180230
404250013238 554801391642
464815313545 080524185733
480921262846 350532213312
032427434404 465147595457
262949520409 503225345724
151822072730 132207335148
314406212428 570305113339
340310111425 340633185319
151924324708 165302042136
202634380139 024849405511
414749051819 371715504859
404108222631 421333200826
450324253640 363957580530
011315293607 015826280441
242737381723 181457301305
354748080937 300413605101
445308182122 563550134125
332133364148 573405542821
050918535721 041433441145
293540551617 331815563134
294152192142 533608300147
485014293041 452038311612
460310114353 330937404130
243743535814 285338231425
182122280510 170309320705
111928092023 425812181627
304416182829 280339513115
421124454749 351759153629
151633565821 084153015834
223032480315 122408404349
213551122327 384540163222
293501081741 462004434710
520423263040 045618594616
313342475506 320631241519
283234530203 472713313458
060920132227 481746566008
435206101125 382127022932
550102303742 291802151039
072633374406 083860411509
084549571529 060804012528
345052081826 262542600524
324214263338 444058290320
390103203151 045455361631
020732404708 212320072915
092324360613 185355320917
172731040608 282104320322
424314213839 443655581824
561621354346 495853393829
121427384304 153727126051
082633420609 033107254058
121516131723 102723051626
445413414547 454729404443
480305192833 064104371242
091019272806 481704335502
153048520508 492704365237
092646071519 071542483413
203003111519 341201065829
350515223752 024603371354
071939525822 300252211135
294550523132 471958144055
404552040513 070920411219
333804222539 605709250841
410609151724 490828032617
212628414829 110925056020
314345470213 315119065634
364952122230 555158094424
324708223553 294704134623
550620293438 193252010239
061718233503 425551430233
182639510717 312140395605
404256094445 454002071808
545505152134 285318392229
530410111431 524029272810
020517213211 103351530617
162731562634 201847446033
464950041924 542634512052
283803050654 170516242032
590107293945 570854012337
091119343608 493324404643
152531390512 574315292616
272946041621 390605335417
283602061837 204201034918
430309204658 516001115926
030817183605 273936104152
122530370718 563604444653
194950010217 510706283543
284801021137 520220273624
411221384951 440128550639
091213384206 121036544457
112528450724 254651181330
304750070835 251451486021
415203061039 581039111335
462125324852 310605175001
011526313606 574028425455
283136410610 010210481408
253638263335 570338212816
404611262944 341752050229
470813243237 601445243326
222831374016 571107431013
202134380305 081116155752
212332091931 154227533449
475604072028 412713601418
310507314350 273215122016
102634394503 380850535906
111226320408 154959040302
131620071213 205157452418
182304081134 370114451216
480205273844 014103181642
030522445016 094156232130
203438400408 550802372333
253752070815 490122474450
263001081722 280419164929
321224294652 075719433930
213537414701 104349322506
050916310305 141056250428
123439061323 444825572747
282907152129 281749534509
430307081314 415308230516
021923495103 053743075354
071217210708 191854474309
171820031422 443632083425
314115233643 034710502923
492125283338 533916211012
284347505104 323310194204
151738480911 110618053709
204550212428 030645344143
555905163348 361237240528
500405131440 561120413418
102227374112 095629521624
152547492122 044050175538
404550041215 202842231043
165023293951 200529594033
560942495051 395021124055
194344474917 450406231002
263237490712 364628320320
273758032028 244235310657
313810232841 374832021820
571144505358 240940203642
223137434504 275617244923
192233421112 403001093334
174153091226 274938234119
334304091119 100948364121
250731343845 272336102116
101314262909 034152141316
132141490121 214833015617
394951223743 302021115052
485502113852 554438351431
531418192936 413317180742
091121234504 071257062410
091823260714 462309351151
213235121632 411910285556
363918272832 033558490206
451822273854 430150285715
042934414220 041550604347
223137381820 362054090353
344149071322 604407394309
244203072046 115214062908
551321275153 264506284214
051325294301 044325093332
192139531022 043452325843
233740041317 473629590306
183304141726 160322542515
371018193544 444118503730
273148525703 172004470913
091348550318 273540010617
343548123435 554408204321
414805102234 445441453410
430713141619 505507354440
012632485404 180459545617
082131350810 494456264655
142331091830 190439144560
365808101426 491107181633
271331374347 074256293303
111831343901 593157045242
081011220411 240814052930
274045161820 600839522416
293307192027 471917123255
380416244043 234932541805
273436464901 493436011608
122941510829 523027125533
425154041930 160558391021
343504082832 293656220951
432027313755 050419390623
081423313911 073132374334
182934380318 212819255043
272837071022 042518153602
255511132535 364237092831
362841495155 495840461027
040618192609 400937585060
212533400913 283115580326
151924102124 354760443003
313405114247 191049180144
480214173250 190360332416
040508195410 103453332806
364450520114 233952310633
204648272931 483229552728
404711163236 465408360723
390416202550 281735523115
131518445213 012504142151
161948530207 473644292014
131518061920 554634171906
334807112326 041421261228
281213293142 285841405120
152532343602 314944240948
040932422930 460943414929
313537222930 233160553054
414801021242 534605063455
440817242529 400503480118
081524303711 484707044251
212226270709 312518412230
142528011016 055131534717
215119303336 170614404926
440914283843 205260425440
102223242802 352854302231
050614310408 432856205251
284446060810 472004565305
265114273038 140111234248
400514162942 461127344913
053141505503 410310305713
274145460422 285206431256
262740020918 072524360547
434602212527 075206514739
340919263144 020312374716
023638484901 211149143330
061520230318 335255473850
404249152123 015322504530
313203112024 592847602205
520208233138 601234304457
052940444602 441845312620
101516220102 522956600204
031529021628 120510202937
364101020508 042327280930
090508102528 541002432135
030541435501 411215071308
041727280108 084943174019
121439113135 605259094420
424910374557 502114353127
580114213031 115356371019
081321374705 252211163303
111718220130 491720595752
363839133336 125402321409
385012223137 245341061350
420225324647 271757265520
242636373909 600320195806
122128371720 395436376049
314451162125 292236584148
495204182930 582823391619
382021414546 100339545611
051415383910 363255496028
142930311921 096011534808
254146041324 553033090738
273006083134 102505395243
540222262931 140426352913
071418455202 021137364806
252736480818 323522095611
242831193842 451201265420
444507161927 301738140535
330208223338 030709103134
101315364603 365403311548
040838550205 355002233340
213249133440 035345113426
474808133241 054129363048
431516373851 475110503025
202227365608 072504581327
091213310204 054328151150
091435092027 332329461031
304513192039 343741530233
402628303139 485552430515
071430404310 460558371443
122223440919 261948570508
363944012131 171548423547
354710343536 411957532127
430827394447 325534315040
011645465118 315556504010
262935420724 353104305428
333445061416 361060525023
202710263842 124960323040
501017182837 373512221909
151822282908 202749052339
182541440314 121815081122
252631011420 492259293254
283102092940 030524193035
480506222931 164955201026
020920313405 172038085303
081720310827 262139051859
404648212327 404524141339
354513202434 150148373952
490819334148 224249081209
081117184204 132625102845
274446520204 544551113448
133338011618 321923570929
293709232835 450834150225
470924373850 341037504302
142633435405 591037574043
081234560506 091124035136
192028364142 203358345760
474907252633 034008535136
440619323743 590102405124
010715212805 482734524605
222533520206 350251144939
172729021518 025117444323
222521263441 092918071439
531319204554 230554393851
021819283704 263833355343
063741520313 271530522602
152942193637 472611575955
424708293042 395458460406
480209365056 192331532941
021725283303 104114225342
182848520829 113909050807
323437031317 415318043626
344212272935 561737510436
532732333547 135046246019
040520285416 390642106033
303946470415 475804412030
303851101432 175360441603
344320213442 510527041517
480316242942 313324054209
131730425204 025239594801
051233410517 282713352652
283340071518 602619581340
274805273339 135921174039
410535525357 585514026048
062140424502 094005223611
041221401819 505918316012
293743182935 041624562530
465608182544 082936351440
510709272949 290654102016
050711324031 361430381108
424446530106 043956235255
242529111314 590860444030
303316192124 262120363129
331123242530 331015383128
131417303901 055202335128
021516171726 334212311152
334556222332 423256403017
353704082842 130827010352
510215182138 145003230234
031328374208 185758404754
303548501113 303123095411
203334071520 245001441340
223313313437 065004482951
450608151834 200243150557
263248495609 494314105346
313544520215 025611055913
384657172122 601453301555
303211202130 563208224353
372225315051 464359544453
021520222813 162503512356
182237561121 441556021057
233337082429 195154085246
394106091553 352315072014
560206162432 441105463603
101725333819 450619344322
202140410407 104754074332
163050101921 243307304708
274301121727 071225263239
530611142234 140853095932
011617315306 540719124509
202934500106 283029222005
172539142433 392649010443
424307111215 424452586038
181723394045 272901505238
033340435314 483425421308
152024250112 352937130630
133547272938 344614281116
535503081846 160418270551
520809161725 381755412425
011011153115 515947106053
202122512931 554321104753
353844040820 253715064855
333703122142 294451311857
481320252841 350220430516
132129303102 301910185011
030619310118 413536165254
253042062728 432759532310
314207272935 435008073911
481419213340 480821184930
030426324027 244639572609
333744451215 051303243559
163645051232 255126422833
344002141922 082527061001
371013192237 490351202214
060817192508 515432013847
153545471214 380245352051
253543212230 193318436001
314017202734 591016140754
371224343541 362113596030
032024333715 114037200152
192225440106 056046425007
082130031041 513142205619
434811303445 194208362159
470118212436 504026071917
020613314318 594732484012
394648500608 194554564609
383952262731 384539071256
354610172129 091920506051
470107112933 043629554503
051015344108 135041365633
102436461925 355936091824
374750051421 471103273213
264502182224 024208494838
261216233448 394911241746
060809132113 214606221331
212339521017 555226190124
323338030911 161537033547
273023313238 121728530610
510313172224 502517165402
132336465219 372744303823
293450540810 581912220236
232431051044 522542453557
475109133540 201340105344
470216193143 503532260224
151927475103 594454372712
283541421019 382943130702
245053040607 102629383221
235204061011 322416380546
122331323336 022759490405
122127283605 471108490304
092048551017 466058364003
202740141823 523907275557
435008101318 213328314306
510810163337 252853451458
012437405110 534921115409
222639450514 250513123502
224352183437 181759025405
515201042734 450536125058
390105142130 521403605755
222847535507 443027114057
091624440405 172755130516
162122081112 095523440746
354614202439 561831023045
440327313347 423735275936
040716202903 395628125138
162736431834 432718525032
384648162134 543150432922
435115244557 014439165728
581012153034 292719042831
014648495602 190712345340
203547491217 430802283312
202330071129 442818240439
324902172030 113516462450
540108212544 054411191748
020308364114 524854585529
172148520213 155603270407
243645042945 425114403233
505716194951 394360573456
540406161720 342609435453
061516545516 121154334825
232532351317 381027022109
243746071521 163913264220
405116223845 073231512708
460413151628 141732373903
071316223010 071038172457
163038431224 534231432918
303139111442 433920192404
435004283041 500647582619
511314294649 542918424050
011028334902 324412084846
111342450608 060837244541
144551010713 543313554515
234312364551 444957372146
560723242734 514946403626
152030375516 490319352224
234142432021 125605524559
272840082536 070810271256
395902073843 522148583017
490610182629 451618113602
061130353604 313959195344
103440570708 174402051339
162644010925 430821270325
323509131937 603829030715
481923293637 072950163836
060816181909 244406151830
273234380407 474453560839
183343101227 155537341907
414506073040 092260481239
551824254146 190230462252
040921545501 335440050913
143050520102 162425455942
092532101341 144640130452
454607233344 033458221855
580408192933 454750521504
233134395809 012313302457
263135500112 483726223823
233741183133 490733313614
353603083348 355502433442
551114202439 062856023651
212734505304 562953363817
092537421017 122013493430
405657072324 523212542048
353604154350 020555282748
520744495156 413219580549
091134404205 133206514024
143149571526 014128333919
313846091114 252936015660
202402142034 021830565206
391015232635 274544263831
050724273031 571033021152
343839410921 505758280214
333547021232 473225570613
444505122631 275241290448
330819233540 331452363241
010818495106 360640140826
101524520207 341646154259
233039111323 021604443351
313701081724 020635305234
452223334352 505214042738
091619515204 443149543647
061534360122 050925403827
294347091324 402213294828
375101071032 590254322450
511225263539 110653441626
212735374020 041351370634
233039541618 415326235224
214046020910 022037190110
155910123438 045654133558
551419454651 023451363855
060729303424 583336402510
262931390515 122325184550
263054242634 601257583302
424906182833 024311010328
390513182845 131251374844
141824353605 261004374757
323543510205 505956460304
061516063348 104027475537
575803041722 572154485060
270921363955 091426365221
131632415405 402755172844
060726520407 110906344153
083454202324 555301355639
273312283135 492917532024
510510132736 305927360454
152537465201 100134540640
084041510924 041723280953
333449041635 045145223825
425511394042 481524280126
481417182125 313243035201
081627424702 560645602650
041426270630 484446041809
344849192332 302412490727
414207203234 502835240214
560608111350 134904441457
010216234216 281841541447
182337431617 580727450405
404445122629 114627490640
394309142127 263708225433
311214152530 574318591031
051819202704 133754072901
122124360815 064322525751
253349020621 362242031604
384001111539 410242301210
450214164046 320106091602
062137404625 493442180314
262830420105 462451505652
213853030610 583918173530
111904064042 275101465906
540425313948 010844174653
060747495018 082931041745
343738420325 351128464258
283942042029 315717562858
394701082943 231617594260
482334364449 594913180414
091842455102 346018450420
183140471221 453852170756
283441082628 280855414809
405003233334 062356150559
351016233746 364648310735
050810163106 183014113339
091122400926 330523320856
353740101518 253944413122
222626303842 405312460252
540120373946 304635542602
030914192813 514728105916
151631390727 324442481636
293656111329 041358361915
395108222435 351715344911
420631323741 531028164833
323335434405 244112424413
080913210919 420211233144
272830030609 292147571334
323402040729 281234290148
370507275256 552509085441
011326394301 183229135058
112327300714 065633505110
284550033435 355227535723
374604233539 104908582026
500714183038 544727170332
021114245311 370524444958
213536452628 071257113039
353739020718 300723201541
314011303637 305045023521
391317212537 064811450424
051618192502 384417600453
232534381019 282109100218
224354031023 444142544719
394811131921 325316201210
221231425152 215636091327
152425295703 022338152119
152437440912 071826463924
434546113538 292120462260
425409142335 305250495332
410913293749 055259023323
021115214209 075211100104
152427340421 461816453104
273852050910 314215071754
375702182639 375812290816
440709101741 304753382036
152021263221 282654552360
224849590414 121051372347
203747031523 433601201306
253703051825 544438254653
270916293341 434137511839
040619293909 113260050636
101521261118 533830021548
